32
115792089237316195423570985008687907853269984665640564039457584007913129640423
55636109373528501614854046674046496680196965751684320623236804228006658680359
59242983381581017158090384816303423202538821172633666424019938068008393307525
112545410520269538685131146505447092345618966264620238939692403366219806450672
43403323246593123957339563380325681683812847467031213106711416259863871551519
35435043079634631789395691389471859160086985086744212924251931961536241112495
49483797424007672247424214851582146386359143350539821199998002610522041956449
91244988384513574194658173896508923354104909350492723711376214709179521654062
33834946476446231064372352857825833177284525800824535055091743711562157456217
41060966605269382381700193804184371546190481561772784694701636534744873748084
41572631256681292371450759789495584757869583381770321728235377324486839536862
65658285037582973003524979037131205489673427512889980659143046213909162385820
17964794978372341391552659548475893435372391058177139631584159001743548160830
30830965748820794657179378060691400019356251312742502429123898613091701117790
78859140032808255663179653873975541612019078880152685933301378683127224759866
45689960834951940965855356081391435680089433707135051108168219407191967323151
61280229982973412566519025067394250635443725367617526408256711997989336883759
44741925055202782752293032977233856694965203337035294321520318146616175961431
70032038599823424424863252573930800131587322529153073361419787170367684581779
78315324786630324747597628657250445761040895541310772668602266926121027057802
8017727586724869070528519431001667831593422270037110024141093392397537898440
70723059077793475547224513668555536200451584718590027655486670608583383074037
29654166710332692919090169785704202548036543651706896713320327703275620930629
86509595376968762955800247980607096318471098573893303241080330008522095082353
11461491754676078249272609560907890430511751239967594081552312332750064174116
17475901126858899137572243090147463527983374011202200208074904657338269808219
38398742441129311997823896376594322159384353245588083284180075740608173545451
75189533676030947942716823447194875548162344679249655994256162829257024339514
86260170525781551106521808744632915618962050756911593568252639528616632357567
56070036719553519645008618693375122589186281311126041150013818889589637744395
92761613305787763381234755096051753621439554436611720442179488191060773862196
79934021015004412653632580886156509588963259005007605390332801429909496355305
56997624417170045385079636605131699217816294935227604238022243411214904721521
