32
115792089237316195423570985008687907853269984665640564039457584007913129640423
18545369791176167204951348891348832226732321917228106874412268076002219560163
19747661127193672386030128272101141067512940390877888808006646022669464435883
76112499919195244702900710504711666732962983643420267659716662458044312030405
14467774415531041319113187793441893894604282489010404368903805419954623850545
89006407184755674212179220468949224955542318139341780334389033325787500131151
93689325299546687698188728289652654030966370893940316426304390208782767079135
107609722286381988347266714637961579686881626227257950596763794241668593645004
49875678571254142162647779288837913676851503488821699698183109239825095698914
90881715026633924409614054607186729084243483631017970924538934850190377676342
52454906831332495931673914932727830870379856015803628589230987110799989725793
21886095012527657667841659679043735163224475837629993553047682071303054128636
44585628071896178938374548185721267096214125241272567890347247669885559267113
87471714741151061834773782692689071908632073548007876836013022209639320132906
64883743090041483695583546294221149821763021181931083324252987563680118133455
92424713103194777270999108699589083795543134346138726395694462474339408868023
59024106406763202663363336692027386162904570011086030149238098668634155508084
92108701176611724533145000998203224133835057556105474133478495387480811747447
100538739024818605090668407530435538612709097286811400480111651728731314620895
26105108262210108249199209552416815253680298513770257556200755642040342352620
2672575862241623023509506477000555943864474090012370008047031130799179299498
100769079184141955464788827895310450635663851349957051911467279541469880784977
48482085315882962780887051598130703467102176105782486917592637237062916857032
106031257950533717934314072665994304008337022635058143773331832674782784787747
81015223409769489698804859859427902045683906857082907386822493449525441151666
5825300375619633045857414363382487842661124670400733402691634885779423269417
12799580813709770665941298792198107386461451081862694428060025246869391181827
102257904050221112929952931154856897084900771336843594691057110281694427873462
105948116333471313984554592920669577108500673362730907215722602514814297212811
95884738398061970164050196236916979431908750214135723076309662301805299008419
69517900847701319601601913368246553824903179700750761493879024066324634500877
103839399829878934500258183634510775098501076112096244489749323148578585212053
18999208139056681795026545535043899739272098311742534746007414470404968240509
